# FPS:10.000000
nan
0.07667
-0.07108
-0.00123
0.04111
0.00965
-0.05334
0.04789
-0.04634
0.15597
-0.06865
-0.02886
0.06177
-0.07983
0.01964
-0.01774
0.00464
0.06119
-0.05840
-0.03888
0.23075
-0.24389
0.12007
-0.12009
0.04598
-0.01369
0.00687
-0.03829
0.00642
0.10964
-0.03698
-0.07974
0.08015
-0.07767
0.03580
-0.03564
0.10045
-0.08104
-0.01747
0.12067
-0.11300
-0.00209
-0.00090
0.10671
-0.11365
0.01190
-0.00802
0.23603
-0.24325
0.02730
-0.01799
0.09121
-0.08990
0.05501
0.00547
-0.06220
0.01659
0.14231
-0.16735
0.01641
-0.00971
0.06392
-0.06233
0.01557
-0.02106
0.06304
-0.06077
0.01431
-0.01811
-0.00092
