# FPS:10.000000
0.00000
0.07667
0.00559
0.00436
0.04547
0.05512
0.00178
0.04967
0.00333
0.15930
0.09065
0.06179
0.12356
0.04373
0.06337
0.04563
0.05027
0.11146
0.05306
0.01418
0.24493
0.00104
0.12111
0.00102
0.04700
0.03331
0.04018
0.00189
0.00831
0.11795
0.08097
0.00123
0.08138
0.00371
0.03951
0.00387
0.10432
0.02328
0.00581
0.12648
0.01348
0.01139
0.01049
0.11720
0.00355
0.01545
0.00743
0.24346
0.00021
0.02751
0.00952
0.10073
0.01083
0.06584
0.07131
0.00911
0.02570
0.16801
0.00066
0.01707
0.00736
0.07128
0.00895
0.02452
0.00346
0.06650
0.00573
0.02004
0.00193
0.00101
